150.000000 110.000000 65.000000
140.000000 135.000000 70.000000
150.000000 110.000000 65.000000
140.000000 135.000000 70.000000
155.000000 110.000000 65.000000
120.000000 200.000000 70.000000
155.000000 110.000000 65.000000
120.000000 200.000000 70.000000
155.000000 110.000000 65.000000
50.000000 135.000000 85.000000
45.000000 175.000000 85.000000
45.000000 175.000000 85.000000
45.000000 175.000000 85.000000
45.000000 175.000000 85.000000
45.000000 175.000000 85.000000
45.000000 175.000000 85.000000
45.000000 175.000000 85.000000
45.000000 175.000000 85.000000
45.000000 175.000000 85.000000
160.000000 185.000000 80.000000
160.000000 185.000000 80.000000
160.000000 185.000000 80.000000
160.000000 185.000000 80.000000
160.000000 185.000000 80.000000
160.000000 185.000000 80.000000
160.000000 185.000000 80.000000
160.000000 185.000000 80.000000
160.000000 185.000000 80.000000
