130.000000 175.000000 85.000000
120.000000 135.000000 85.000000
130.000000 175.000000 85.000000
120.000000 135.000000 85.000000
140.000000 185.000000 85.000000
120.000000 135.000000 85.000000
140.000000 185.000000 85.000000
120.000000 135.000000 85.000000
120.000000 135.000000 85.000000
95.000000 175.000000 85.000000
95.000000 175.000000 85.000000
95.000000 175.000000 85.000000
95.000000 175.000000 85.000000
95.000000 175.000000 85.000000
95.000000 175.000000 85.000000
95.000000 175.000000 85.000000
95.000000 175.000000 85.000000
95.000000 175.000000 85.000000
155.000000 110.000000 65.000000
155.000000 110.000000 65.000000
155.000000 110.000000 65.000000
155.000000 110.000000 65.000000
155.000000 110.000000 65.000000
160.000000 230.000000 80.000000
