155.000000 110.000000 65.000000
155.000000 140.000000 70.000000
155.000000 110.000000 65.000000
155.000000 140.000000 70.000000
155.000000 110.000000 65.000000
155.000000 140.000000 70.000000
155.000000 110.000000 65.000000
155.000000 140.000000 70.000000
155.000000 110.000000 65.000000
130.000000 245.000000 85.000000
130.000000 245.000000 85.000000
130.000000 245.000000 85.000000
130.000000 245.000000 85.000000
130.000000 245.000000 85.000000
130.000000 245.000000 85.000000
130.000000 245.000000 85.000000
130.000000 245.000000 85.000000
130.000000 245.000000 85.000000
155.000000 255.000000 80.000000
155.000000 255.000000 80.000000
155.000000 255.000000 80.000000
155.000000 255.000000 80.000000
155.000000 255.000000 80.000000
155.000000 255.000000 80.000000
155.000000 255.000000 80.000000
155.000000 255.000000 80.000000
155.000000 255.000000 80.000000
60.000000 355.000000 85.000000
60.000000 355.000000 85.000000
60.000000 355.000000 85.000000
60.000000 355.000000 85.000000
60.000000 355.000000 85.000000
60.000000 355.000000 85.000000
60.000000 355.000000 85.000000
60.000000 355.000000 85.000000
60.000000 355.000000 85.000000
160.000000 255.000000 75.000000
160.000000 270.000000 80.000000
160.000000 255.000000 75.000000
160.000000 270.000000 80.000000
160.000000 255.000000 75.000000
160.000000 270.000000 80.000000
160.000000 255.000000 75.000000
160.000000 270.000000 80.000000
160.000000 270.000000 80.000000
95.000000 445.000000 85.000000
95.000000 445.000000 85.000000
95.000000 445.000000 85.000000
95.000000 445.000000 85.000000
95.000000 460.000000 85.000000
95.000000 460.000000 85.000000
95.000000 460.000000 85.000000
95.000000 460.000000 85.000000
95.000000 445.000000 85.000000
30.000000 355.000000 35.000000
30.000000 355.000000 40.000000
30.000000 360.000000 35.000000
30.000000 360.000000 40.000000
30.000000 360.000000 35.000000
30.000000 360.000000 40.000000
30.000000 360.000000 35.000000
30.000000 360.000000 40.000000
30.000000 360.000000 40.000000
50.000000 375.000000 65.000000
50.000000 375.000000 65.000000
50.000000 375.000000 65.000000
50.000000 375.000000 65.000000
50.000000 375.000000 65.000000
50.000000 375.000000 65.000000
50.000000 375.000000 65.000000
50.000000 375.000000 65.000000
50.000000 375.000000 65.000000
