24.000000 228.000000 39.000000
24.000000 228.000000 39.000000
24.000000 228.000000 39.000000
24.000000 228.000000 39.000000
24.000000 228.000000 39.000000
24.000000 228.000000 39.000000
24.000000 228.000000 39.000000
24.000000 228.000000 39.000000
24.000000 228.000000 39.000000
99.000000 183.000000 48.000000
78.000000 189.000000 51.000000
99.000000 183.000000 48.000000
99.000000 183.000000 48.000000
78.000000 189.000000 51.000000
99.000000 183.000000 48.000000
42.000000 267.000000 51.000000
42.000000 267.000000 51.000000
42.000000 267.000000 51.000000
42.000000 267.000000 51.000000
63.000000 267.000000 54.000000
102.000000 138.000000 48.000000
90.000000 144.000000 51.000000
102.000000 138.000000 48.000000
93.000000 102.000000 51.000000
93.000000 102.000000 51.000000
93.000000 102.000000 51.000000
93.000000 102.000000 51.000000
96.000000 228.000000 48.000000
96.000000 228.000000 48.000000
93.000000 60.000000 48.000000
93.000000 60.000000 48.000000
93.000000 60.000000 48.000000
93.000000 60.000000 48.000000
87.000000 69.000000 51.000000
93.000000 60.000000 48.000000
102.000000 129.000000 48.000000
102.000000 129.000000 48.000000
102.000000 129.000000 48.000000
102.000000 129.000000 48.000000
102.000000 129.000000 48.000000
84.000000 36.000000 48.000000
90.000000 36.000000 48.000000
72.000000 54.000000 51.000000
90.000000 36.000000 48.000000
72.000000 54.000000 51.000000
90.000000 36.000000 48.000000
72.000000 54.000000 51.000000
102.000000 111.000000 45.000000
102.000000 111.000000 48.000000
102.000000 111.000000 45.000000
102.000000 111.000000 48.000000
102.000000 111.000000 45.000000
102.000000 111.000000 48.000000
102.000000 111.000000 45.000000
102.000000 111.000000 48.000000
102.000000 111.000000 45.000000
