84.000000 36.000000 48.000000
36.000000 66.000000 51.000000
84.000000 36.000000 48.000000
36.000000 66.000000 51.000000
90.000000 66.000000 39.000000
87.000000 69.000000 42.000000
90.000000 66.000000 39.000000
87.000000 69.000000 42.000000
90.000000 66.000000 39.000000
87.000000 69.000000 42.000000
93.000000 66.000000 39.000000
87.000000 69.000000 42.000000
90.000000 66.000000 39.000000
33.000000 153.000000 51.000000
33.000000 153.000000 51.000000
33.000000 153.000000 51.000000
99.000000 90.000000 45.000000
99.000000 90.000000 45.000000
24.000000 165.000000 51.000000
15.000000 63.000000 48.000000
15.000000 63.000000 48.000000
15.000000 63.000000 48.000000
15.000000 63.000000 48.000000
15.000000 63.000000 48.000000
57.000000 144.000000 51.000000
57.000000 144.000000 51.000000
96.000000 102.000000 45.000000
30.000000 177.000000 51.000000
30.000000 177.000000 51.000000
39.000000 186.000000 51.000000
39.000000 186.000000 51.000000
39.000000 186.000000 51.000000
39.000000 186.000000 51.000000
39.000000 186.000000 51.000000
12.000000 162.000000 48.000000
12.000000 162.000000 48.000000
18.000000 159.000000 48.000000
18.000000 159.000000 48.000000
18.000000 159.000000 48.000000
18.000000 159.000000 48.000000
18.000000 159.000000 48.000000
18.000000 159.000000 48.000000
18.000000 159.000000 48.000000
15.000000 63.000000 45.000000
15.000000 63.000000 48.000000
15.000000 63.000000 48.000000
15.000000 63.000000 48.000000
15.000000 63.000000 48.000000
15.000000 63.000000 48.000000
12.000000 90.000000 45.000000
12.000000 90.000000 48.000000
27.000000 246.000000 48.000000
27.000000 246.000000 48.000000
27.000000 246.000000 48.000000
27.000000 246.000000 48.000000
9.000000 162.000000 45.000000
15.000000 153.000000 48.000000
9.000000 162.000000 45.000000
15.000000 153.000000 48.000000
9.000000 162.000000 45.000000
15.000000 153.000000 48.000000
9.000000 162.000000 45.000000
12.000000 162.000000 48.000000
9.000000 162.000000 45.000000
12.000000 195.000000 45.000000
12.000000 195.000000 48.000000
12.000000 195.000000 45.000000
12.000000 195.000000 48.000000
12.000000 195.000000 45.000000
12.000000 195.000000 48.000000
12.000000 195.000000 45.000000
48.000000 258.000000 48.000000
27.000000 225.000000 39.000000
27.000000 225.000000 39.000000
30.000000 225.000000 39.000000
30.000000 225.000000 39.000000
30.000000 225.000000 39.000000
30.000000 225.000000 39.000000
30.000000 225.000000 39.000000
30.000000 225.000000 39.000000
30.000000 225.000000 39.000000
57.000000 288.000000 60.000000
57.000000 288.000000 60.000000
57.000000 288.000000 60.000000
57.000000 288.000000 60.000000
57.000000 288.000000 60.000000
57.000000 288.000000 60.000000
57.000000 288.000000 60.000000
57.000000 288.000000 60.000000
57.000000 288.000000 60.000000
