93.000000 66.000000 39.000000
93.000000 84.000000 42.000000
93.000000 66.000000 39.000000
93.000000 84.000000 42.000000
93.000000 66.000000 39.000000
93.000000 84.000000 42.000000
93.000000 66.000000 39.000000
93.000000 84.000000 42.000000
93.000000 66.000000 39.000000
63.000000 123.000000 51.000000
63.000000 114.000000 51.000000
63.000000 123.000000 51.000000
63.000000 114.000000 51.000000
63.000000 123.000000 51.000000
63.000000 123.000000 51.000000
63.000000 123.000000 51.000000
63.000000 123.000000 51.000000
63.000000 114.000000 51.000000
63.000000 282.000000 54.000000
75.000000 159.000000 51.000000
63.000000 282.000000 54.000000
75.000000 159.000000 51.000000
9.000000 111.000000 45.000000
9.000000 111.000000 48.000000
9.000000 111.000000 45.000000
9.000000 111.000000 48.000000
9.000000 111.000000 45.000000
9.000000 111.000000 48.000000
9.000000 111.000000 48.000000
36.000000 213.000000 51.000000
36.000000 213.000000 51.000000
36.000000 213.000000 51.000000
93.000000 180.000000 48.000000
93.000000 153.000000 48.000000
93.000000 180.000000 48.000000
93.000000 153.000000 48.000000
93.000000 180.000000 48.000000
93.000000 153.000000 48.000000
93.000000 180.000000 48.000000
93.000000 153.000000 48.000000
93.000000 153.000000 48.000000
57.000000 255.000000 48.000000
57.000000 267.000000 51.000000
57.000000 255.000000 48.000000
57.000000 267.000000 51.000000
57.000000 276.000000 51.000000
57.000000 267.000000 51.000000
57.000000 267.000000 51.000000
57.000000 267.000000 51.000000
30.000000 225.000000 39.000000
30.000000 225.000000 39.000000
30.000000 225.000000 39.000000
30.000000 225.000000 39.000000
30.000000 225.000000 39.000000
30.000000 225.000000 39.000000
30.000000 225.000000 39.000000
30.000000 225.000000 39.000000
30.000000 225.000000 39.000000
