90.000000 66.000000 39.000000
87.000000 69.000000 42.000000
93.000000 66.000000 39.000000
87.000000 69.000000 42.000000
93.000000 66.000000 39.000000
87.000000 69.000000 42.000000
93.000000 66.000000 39.000000
69.000000 96.000000 42.000000
93.000000 66.000000 39.000000
18.000000 75.000000 48.000000
18.000000 75.000000 48.000000
18.000000 75.000000 48.000000
18.000000 75.000000 48.000000
18.000000 75.000000 48.000000
18.000000 75.000000 48.000000
12.000000 81.000000 48.000000
18.000000 75.000000 48.000000
99.000000 90.000000 45.000000
99.000000 90.000000 45.000000
99.000000 90.000000 45.000000
99.000000 90.000000 45.000000
99.000000 90.000000 45.000000
63.000000 165.000000 51.000000
63.000000 165.000000 51.000000
63.000000 165.000000 51.000000
63.000000 165.000000 51.000000
63.000000 165.000000 51.000000
33.000000 135.000000 51.000000
57.000000 105.000000 51.000000
33.000000 135.000000 51.000000
57.000000 105.000000 51.000000
33.000000 135.000000 51.000000
57.000000 105.000000 51.000000
33.000000 135.000000 51.000000
57.000000 105.000000 51.000000
33.000000 135.000000 51.000000
12.000000 183.000000 48.000000
12.000000 183.000000 48.000000
12.000000 183.000000 48.000000
18.000000 180.000000 48.000000
12.000000 183.000000 48.000000
9.000000 138.000000 45.000000
15.000000 129.000000 48.000000
9.000000 138.000000 45.000000
15.000000 129.000000 48.000000
9.000000 138.000000 45.000000
15.000000 129.000000 48.000000
9.000000 138.000000 45.000000
15.000000 129.000000 48.000000
48.000000 243.000000 48.000000
48.000000 243.000000 48.000000
42.000000 267.000000 51.000000
81.000000 240.000000 15.000000
81.000000 240.000000 15.000000
81.000000 240.000000 15.000000
81.000000 240.000000 15.000000
81.000000 240.000000 15.000000
81.000000 240.000000 15.000000
81.000000 240.000000 15.000000
81.000000 240.000000 15.000000
81.000000 240.000000 15.000000
30.000000 225.000000 39.000000
30.000000 225.000000 39.000000
30.000000 225.000000 39.000000
30.000000 225.000000 39.000000
30.000000 225.000000 39.000000
30.000000 225.000000 39.000000
30.000000 225.000000 39.000000
30.000000 225.000000 39.000000
30.000000 225.000000 39.000000
48.000000 261.000000 45.000000
48.000000 258.000000 48.000000
48.000000 261.000000 45.000000
48.000000 258.000000 48.000000
48.000000 261.000000 45.000000
48.000000 258.000000 48.000000
48.000000 261.000000 45.000000
48.000000 258.000000 48.000000
48.000000 258.000000 48.000000
57.000000 288.000000 60.000000
57.000000 288.000000 60.000000
57.000000 288.000000 60.000000
57.000000 288.000000 60.000000
57.000000 288.000000 60.000000
57.000000 288.000000 60.000000
57.000000 288.000000 60.000000
57.000000 288.000000 60.000000
57.000000 288.000000 60.000000
