84.000000 135.000000 51.000000
84.000000 135.000000 51.000000
78.000000 126.000000 51.000000
84.000000 135.000000 51.000000
84.000000 135.000000 51.000000
84.000000 87.000000 51.000000
66.000000 78.000000 51.000000
90.000000 93.000000 51.000000
78.000000 84.000000 51.000000
66.000000 78.000000 51.000000
72.000000 81.000000 51.000000
78.000000 84.000000 51.000000
96.000000 102.000000 45.000000
102.000000 99.000000 48.000000
102.000000 99.000000 48.000000
102.000000 120.000000 45.000000
102.000000 120.000000 48.000000
102.000000 120.000000 45.000000
102.000000 120.000000 48.000000
102.000000 120.000000 45.000000
102.000000 120.000000 48.000000
102.000000 120.000000 45.000000
102.000000 120.000000 48.000000
102.000000 120.000000 45.000000
105.000000 147.000000 45.000000
105.000000 147.000000 45.000000
105.000000 147.000000 45.000000
96.000000 138.000000 48.000000
105.000000 147.000000 45.000000
105.000000 147.000000 45.000000
99.000000 171.000000 45.000000
99.000000 171.000000 48.000000
99.000000 171.000000 45.000000
99.000000 171.000000 48.000000
99.000000 171.000000 45.000000
99.000000 171.000000 48.000000
99.000000 171.000000 45.000000
99.000000 171.000000 48.000000
99.000000 171.000000 45.000000
66.000000 252.000000 48.000000
66.000000 252.000000 48.000000
72.000000 252.000000 45.000000
72.000000 252.000000 48.000000
78.000000 261.000000 45.000000
78.000000 261.000000 48.000000
78.000000 261.000000 48.000000
