93.000000 66.000000 39.000000
72.000000 120.000000 42.000000
93.000000 66.000000 39.000000
72.000000 120.000000 42.000000
93.000000 66.000000 39.000000
69.000000 141.000000 42.000000
93.000000 66.000000 39.000000
69.000000 141.000000 42.000000
93.000000 66.000000 39.000000
84.000000 111.000000 51.000000
90.000000 93.000000 51.000000
84.000000 111.000000 51.000000
90.000000 93.000000 51.000000
96.000000 81.000000 48.000000
96.000000 81.000000 48.000000
96.000000 81.000000 48.000000
96.000000 81.000000 48.000000
96.000000 81.000000 48.000000
96.000000 111.000000 48.000000
96.000000 111.000000 48.000000
96.000000 111.000000 48.000000
96.000000 111.000000 48.000000
96.000000 111.000000 48.000000
96.000000 111.000000 48.000000
96.000000 111.000000 48.000000
96.000000 111.000000 48.000000
96.000000 111.000000 48.000000
9.000000 99.000000 45.000000
9.000000 99.000000 48.000000
9.000000 99.000000 45.000000
9.000000 99.000000 48.000000
9.000000 99.000000 45.000000
9.000000 99.000000 48.000000
9.000000 99.000000 45.000000
9.000000 99.000000 48.000000
9.000000 99.000000 45.000000
48.000000 258.000000 48.000000
42.000000 267.000000 51.000000
48.000000 258.000000 48.000000
42.000000 273.000000 51.000000
48.000000 258.000000 48.000000
48.000000 261.000000 51.000000
48.000000 258.000000 48.000000
48.000000 261.000000 51.000000
48.000000 261.000000 51.000000
48.000000 267.000000 48.000000
48.000000 267.000000 48.000000
48.000000 267.000000 48.000000
48.000000 267.000000 48.000000
48.000000 267.000000 48.000000
48.000000 267.000000 48.000000
48.000000 267.000000 48.000000
48.000000 267.000000 48.000000
48.000000 267.000000 48.000000
81.000000 240.000000 15.000000
81.000000 240.000000 15.000000
81.000000 240.000000 15.000000
81.000000 240.000000 15.000000
81.000000 240.000000 15.000000
81.000000 240.000000 15.000000
81.000000 240.000000 15.000000
81.000000 240.000000 15.000000
81.000000 240.000000 15.000000
